  0.0000        0.00000000      0.00000000      2.00202049
  0.0013        0.00250253      0.00000000      2.00205835
  0.0025        0.00500510      0.00000313      2.00207430
  0.0037        0.00750769      0.00000938      2.00210024
  0.0050        0.01001032      0.00001877      2.00211030
  0.0063        0.01251295      0.00003128      2.00212462
  0.0075        0.01501561      0.00004692      2.00212895
  0.0088        0.01751827      0.00006569      2.00213199
  0.0100        0.02002094      0.00008759      2.00213078
  0.0112        0.02252360      0.00011262      2.00212293
  0.0125        0.02502625      0.00014077      2.00211637
  0.0138        0.02752890      0.00017205      2.00209807
  0.0150        0.03003152      0.00020647      2.00208641
  0.0163        0.03253413      0.00024400      2.00205813
  0.0175        0.03503670      0.00028467      2.00204161
  0.0187        0.03753925      0.00032847      2.00200388
  0.0200        0.04004176      0.00037539      2.00198278
  0.0212        0.04254424      0.00042544      2.00193616
  0.0225        0.04504666      0.00047862      2.00191075
  0.0238        0.04754905      0.00053493      2.00185584
  0.0250        0.05005137      0.00059437      2.00182644
  0.0262        0.05255365      0.00065693      2.00176385
  0.0275        0.05505585      0.00072263      2.00173077
  0.0287        0.05755802      0.00079145      2.00166114
  0.0300        0.06006009      0.00086339      2.00162471
  0.0312        0.06256212      0.00093847      2.00154873
  0.0325        0.06506406      0.00101667      2.00150929
  0.0338        0.06756595      0.00109800      2.00142762
  0.0350        0.07006773      0.00118246      2.00138551
  0.0363        0.07256946      0.00127004      2.00129886
  0.0375        0.07507109      0.00136075      2.00125443
  0.0387        0.07757266      0.00145459      2.00116350
  0.0400        0.08007411      0.00155156      2.00111711
  0.0413        0.08257551      0.00165165      2.00102261
  0.0425        0.08507678      0.00175487      2.00097461
  0.0438        0.08757800      0.00186122      2.00087724
  0.0450        0.09007910      0.00197069      2.00082798
  0.0462        0.09258013      0.00208329      2.00072844
  0.0475        0.09508104      0.00219901      2.00067827
  0.0488        0.09758189      0.00231787      2.00057725
  0.0500        0.10008261      0.00243984      2.00052651
  0.0512        0.10258327      0.00256495      2.00042470
  0.0525        0.10508380      0.00269317      2.00037373
  0.0537        0.10758427      0.00282453      2.00027178
  0.0550        0.11008461      0.00295901      2.00022090
  0.0563        0.11258489      0.00309662      2.00011945
  0.0575        0.11508504      0.00323735      2.00006897
  0.0588        0.11758512      0.00338120      1.99996863
  0.0600        0.12008508      0.00352818      1.99991886
  0.0612        0.12258498      0.00367829      1.99982021
  0.0625        0.12508476      0.00383152      1.99977143
  0.0638        0.12758447      0.00398788      1.99967503
  0.0650        0.13008406      0.00414736      1.99962750
  0.0663        0.13258360      0.00430996      1.99953388
  0.0675        0.13508302      0.00447569      1.99948786
  0.0688        0.13758238      0.00464455      1.99939748
  0.0700        0.14008162      0.00481653      1.99935319
  0.0713        0.14258081      0.00499163      1.99926651
  0.0725        0.14507990      0.00516985      1.99922417
  0.0738        0.14757893      0.00535120      1.99914157
  0.0750        0.15007785      0.00553568      1.99910137
  0.0763        0.15257673      0.00572327      1.99902323
  0.0775        0.15507551      0.00591399      1.99898533
  0.0788        0.15757424      0.00610784      1.99891195
  0.0800        0.16007288      0.00630481      1.99887650
  0.0813        0.16257148      0.00650490      1.99880815
  0.0825        0.16506999      0.00670811      1.99877528
  0.0838        0.16756846      0.00691445      1.99871218
  0.0850        0.17006685      0.00712391      1.99868198
  0.0862        0.17256520      0.00733649      1.99862431
  0.0875        0.17506348      0.00755220      1.99859686
  0.0887        0.17756173      0.00777103      1.99854475
  0.0900        0.18005991      0.00799298      1.99852011
  0.0912        0.18255806      0.00821806      1.99847365
  0.0925        0.18505615      0.00844625      1.99845184
  0.0938        0.18755421      0.00867757      1.99841107
  0.0950        0.19005223      0.00891202      1.99839211
  0.0963        0.19255022      0.00914958      1.99835702
  0.0975        0.19504816      0.00939027      1.99834089
  0.0988        0.19754609      0.00963408      1.99831145
  0.1000        0.20004398      0.00988101      1.99829812
  0.1013        0.20254185      0.01013107      1.99827424
  0.1025        0.20503970      0.01038425      1.99826367
  0.1038        0.20753752      0.01064055      1.99824522
  0.1050        0.21003533      0.01089997      1.99823733
  0.1063        0.21253313      0.01116251      1.99822417
  0.1075        0.21503091      0.01142818      1.99821888
  0.1088        0.21752868      0.01169697      1.99821081
  0.1100        0.22002645      0.01196888      1.99820802
  0.1113        0.22252421      0.01224391      1.99820483
  0.1125        0.22502196      0.01252207      1.99820442
  0.1138        0.22751972      0.01280334      1.99820586
  0.1150        0.23001747      0.01308774      1.99820770
  0.1163        0.23251523      0.01337526      1.99821352
  0.1175        0.23501300      0.01366591      1.99821746
  0.1187        0.23751077      0.01395967      1.99822736
  0.1200        0.24000856      0.01425656      1.99823328
  0.1212        0.24250635      0.01455657      1.99824696
  0.1225        0.24500416      0.01485971      1.99825469
  0.1237        0.24750198      0.01516596      1.99827184
  0.1250        0.24999982      0.01547534      1.99828122
  0.1263        0.25249767      0.01578784      1.99830152
  0.1275        0.25499554      0.01610346      1.99831239
  0.1288        0.25749343      0.01642221      1.99833551
  0.1300        0.25999135      0.01674407      1.99834771
  0.1313        0.26248929      0.01706906      1.99837333
  0.1325        0.26498725      0.01739717      1.99838670
  0.1338        0.26748524      0.01772841      1.99841449
  0.1350        0.26998326      0.01806276      1.99842887
  0.1363        0.27248129      0.01840024      1.99845852
  0.1375        0.27497937      0.01874084      1.99847375
  0.1388        0.27747746      0.01908457      1.99850497
  0.1400        0.27997559      0.01943142      1.99852091
  0.1413        0.28247374      0.01978139      1.99855339
  0.1425        0.28497193      0.02013448      1.99856990
  0.1438        0.28747014      0.02049069      1.99860340
  0.1450        0.28996840      0.02085003      1.99862035
  0.1463        0.29246667      0.02121249      1.99865460
  0.1475        0.29496499      0.02157807      1.99867187
  0.1488        0.29746333      0.02194678      1.99870667
  0.1500        0.29996172      0.02231861      1.99872416
  0.1512        0.30246012      0.02269356      1.99875931
  0.1525        0.30495857      0.02307164      1.99877693
  0.1537        0.30745704      0.02345283      1.99881227
  0.1550        0.30995556      0.02383716      1.99882995
  0.1562        0.31245409      0.02422460      1.99886535
  0.1575        0.31495268      0.02461517      1.99888305
  0.1588        0.31745128      0.02500886      1.99891842
  0.1600        0.31994993      0.02540567      1.99893609
  0.1613        0.32244860      0.02580561      1.99897139
  0.1625        0.32494731      0.02620867      1.99898901
  0.1638        0.32744605      0.02661486      1.99902422
  0.1650        0.32994483      0.02702416      1.99904180
  0.1663        0.33244363      0.02743659      1.99907694
  0.1675        0.33494248      0.02785215      1.99909451
  0.1688        0.33744134      0.02827083      1.99912967
  0.1700        0.33994026      0.02869263      1.99914727
  0.1713        0.34243919      0.02911755      1.99918255
  0.1725        0.34493817      0.02954560      1.99920024
  0.1738        0.34743717      0.02997678      1.99923581
  0.1750        0.34993621      0.03041107      1.99925369
  0.1763        0.35243528      0.03084849      1.99928973
  0.1775        0.35493439      0.03128904      1.99930791
  0.1788        0.35743353      0.03173270      1.99934466
  0.1800        0.35993271      0.03217950      1.99936327
  0.1812        0.36243191      0.03262941      1.99940103
  0.1825        0.36493116      0.03308245      1.99942021
  0.1837        0.36743044      0.03353862      1.99945929
  0.1850        0.36992976      0.03399790      1.99947923
  0.1862        0.37242911      0.03446032      1.99951999
  0.1875        0.37492851      0.03492585      1.99954086
  0.1888        0.37742794      0.03539451      1.99958370
  0.1900        0.37992742      0.03586630      1.99960572
  0.1913        0.38242693      0.03634121      1.99965107
  0.1925        0.38492649      0.03681924      1.99967446
  0.1938        0.38742608      0.03730040      1.99972278
  0.1950        0.38992574      0.03778468      1.99974777
  0.1963        0.39242542      0.03827209      1.99979956
  0.1975        0.39492517      0.03876262      1.99982642
  0.1988        0.39742495      0.03925628      1.99988219
  0.2000        0.39992481      0.03975306      1.99991116
  0.2013        0.40242469      0.04025296      1.99997146
  0.2025        0.40492466      0.04075600      2.00000284
  0.2038        0.40742466      0.04126215      2.00006821
  0.2050        0.40992475      0.04177143      2.00010227
  0.2063        0.41242488      0.04228384      2.00017330
  0.2075        0.41492509      0.04279937      2.00021033
  0.2088        0.41742536      0.04331803      2.00028761
  0.2100        0.41992571      0.04383981      2.00032790
  0.2112        0.42242612      0.04436471      2.00041201
  0.2125        0.42492664      0.04489275      2.00045587
  0.2137        0.42742721      0.04542390      2.00054740
  0.2150        0.42992789      0.04595819      2.00059513
  0.2162        0.43242864      0.04649560      2.00069468
  0.2175        0.43492951      0.04703613      2.00074656
  0.2188        0.43743044      0.04757980      2.00085472
  0.2200        0.43993151      0.04812658      2.00091105
  0.2213        0.44243265      0.04867650      2.00102839
  0.2225        0.44493393      0.04922954      2.00108945
  0.2238        0.44743529      0.04978571      2.00121654
  0.2250        0.44993681      0.05034500      2.00128261
  0.2263        0.45243842      0.05090742      2.00141999
  0.2275        0.45494019      0.05147297      2.00149133
  0.2288        0.45744206      0.05204165      2.00163952
  0.2300        0.45994411      0.05261345      2.00171639
  0.2313        0.46244625      0.05318838      2.00187587
  0.2325        0.46494860      0.05376644      2.00195851
  0.2338        0.46745104      0.05434762      2.00212975
  0.2350        0.46995371      0.05493194      2.00221838
  0.2363        0.47245648      0.05551938      2.00240180
  0.2375        0.47495948      0.05610995      2.00249662
  0.2388        0.47746260      0.05670365      2.00269261
  0.2400        0.47996597      0.05730048      2.00279380
  0.2412        0.48246946      0.05790043      2.00300269
  0.2425        0.48497321      0.05850352      2.00311041
  0.2437        0.48747710      0.05910974      2.00333251
  0.2450        0.48998127      0.05971908      2.00344689
  0.2462        0.49248558      0.06033156      2.00368244
  0.2475        0.49499018      0.06094717      2.00380360
  0.2487        0.49749493      0.06156590      2.00405279
  0.2500        0.50000000      0.06218777      2.00405279
