  0.0000        0.00000000      0.00000000      2.78226371
  0.0013        0.00347783      0.00000000      2.77819639
  0.0025        0.00695058      0.00000435      2.77606462
  0.0037        0.01042066      0.00001304      2.77153797
  0.0050        0.01388508      0.00002606      2.76917676
  0.0063        0.01734655      0.00004342      2.76419644
  0.0075        0.02080179      0.00006510      2.76160886
  0.0088        0.02425381      0.00009110      2.75618192
  0.0100        0.02769903      0.00012142      2.75337170
  0.0112        0.03114075      0.00015604      2.74750649
  0.0125        0.03457513      0.00019497      2.74447803
  0.0138        0.03800573      0.00023819      2.73818417
  0.0150        0.04142846      0.00028570      2.73494247
  0.0163        0.04484714      0.00033748      2.72823079
  0.0175        0.04825743      0.00039354      2.72478144
  0.0187        0.05166340      0.00045386      2.71766384
  0.0200        0.05506048      0.00051844      2.71401297
  0.0212        0.05845300      0.00058727      2.70650241
  0.0225        0.06183613      0.00066033      2.70265666
  0.0238        0.06521445      0.00073763      2.69476701
  0.0250        0.06858291      0.00081915      2.69073347
  0.0262        0.07194632      0.00090488      2.68247946
  0.0275        0.07529942      0.00099481      2.67826560
  0.0287        0.07864725      0.00108893      2.66966270
  0.0300        0.08198433      0.00118724      2.66527639
  0.0312        0.08531593      0.00128972      2.65634069
  0.0325        0.08863635      0.00139637      2.65179008
  0.0338        0.09195109      0.00150716      2.64253824
  0.0350        0.09525426      0.00162210      2.63783173
  0.0363        0.09855155      0.00174117      2.62828081
  0.0375        0.10183690      0.00186436      2.62342701
  0.0387        0.10511619      0.00199165      2.61359442
  0.0400        0.10838318      0.00212305      2.60860206
  0.0413        0.11164393      0.00225853      2.59850541
  0.0425        0.11489207      0.00239808      2.59338334
  0.0438        0.11813380      0.00254170      2.58304036
  0.0450        0.12136260      0.00268937      2.57779745
  0.0462        0.12458484      0.00284107      2.56722585
  0.0475        0.12779387      0.00299680      2.56187095
  0.0488        0.13099621      0.00315654      2.55108836
  0.0500        0.13418507      0.00332029      2.54563026
  0.0512        0.13736711      0.00348802      2.53465409
  0.0525        0.14053543      0.00365973      2.52910147
  0.0537        0.14369681      0.00383540      2.51794883
  0.0550        0.14684424      0.00401502      2.51231017
  0.0563        0.14998463      0.00419857      2.50099779
  0.0575        0.15311088      0.00438605      2.49528139
  0.0588        0.15622998      0.00457744      2.48382549
  0.0600        0.15933476      0.00477273      2.47803937
  0.0612        0.16243231      0.00497190      2.46645561
  0.0625        0.16551538      0.00517494      2.46060750
  0.0638        0.16859114      0.00538183      2.44891090
  0.0650        0.17165228      0.00559257      2.44300818
  0.0663        0.17470604      0.00580714      2.43121303
  0.0675        0.17774505      0.00602552      2.42526274
  0.0688        0.18077663      0.00624770      2.41338255
  0.0700        0.18379336      0.00647367      2.40739128
  0.0713        0.18680260      0.00670341      2.39543873
  0.0725        0.18979690      0.00693692      2.38941268
  0.0738        0.19278366      0.00717416      2.37739953
  0.0750        0.19575541      0.00741514      2.37134443
  0.0763        0.19871959      0.00765984      2.35928154
  0.0775        0.20166870      0.00790824      2.35320266
  0.0788        0.20461020      0.00816032      2.34109992
  0.0800        0.20753657      0.00841609      2.33500202
  0.0813        0.21045533      0.00867551      2.32286833
  0.0825        0.21335891      0.00893858      2.31675570
  0.0838        0.21625486      0.00920527      2.30459896
  0.0850        0.21913561      0.00947559      2.29847537
  0.0862        0.22200870      0.00974951      2.28630248
  0.0875        0.22486658      0.01002702      2.28017120
  0.0887        0.22771679      0.01030811      2.26798806
  0.0900        0.23055178      0.01059275      2.26185187
  0.0912        0.23337909      0.01088094      2.24966337
  0.0925        0.23619117      0.01117267      2.24352455
  0.0938        0.23899558      0.01146790      2.23133461
  0.0950        0.24178474      0.01176665      2.22519497
  0.0963        0.24456624      0.01206888      2.21300659
  0.0975        0.24733250      0.01237459      2.20686746
  0.0988        0.25009108      0.01268375      2.19468272
  0.1000        0.25283443      0.01299637      2.18854501
  0.1013        0.25557012      0.01331241      2.17636511
  0.1025        0.25829057      0.01363187      2.17022930
  0.1038        0.26100336      0.01395474      2.15805467
  0.1050        0.26370093      0.01428099      2.15192083
  0.1063        0.26639083      0.01461062      2.13975114
  0.1075        0.26906552      0.01494361      2.13361901
  0.1088        0.27173254      0.01527994      2.12145323
  0.1100        0.27438436      0.01561960      2.11532221
  0.1113        0.27702851      0.01596258      2.10315871
  0.1125        0.27965746      0.01630887      2.09702793
  0.1138        0.28227874      0.01665844      2.08486455
  0.1150        0.28488482      0.01701129      2.07873286
  0.1163        0.28748324      0.01736740      2.06656699
  0.1175        0.29006645      0.01772675      2.06043306
  0.1187        0.29264199      0.01808933      2.04826172
  0.1200        0.29520232      0.01845513      2.04212406
  0.1212        0.29775497      0.01882414      2.02994399
  0.1225        0.30029240      0.01919633      2.02380099
  0.1237        0.30282215      0.01957170      2.01160875
  0.1250        0.30533666      0.01995022      2.00545872
  0.1263        0.30784349      0.02033190      1.99325078
  0.1275        0.31033505      0.02071670      1.98709203
  0.1288        0.31281892      0.02110462      1.97486487
  0.1300        0.31528750      0.02149564      1.96869572
  0.1313        0.31774837      0.02188975      1.95644591
  0.1325        0.32019392      0.02228694      1.95026475
  0.1338        0.32263176      0.02268718      1.93798907
  0.1350        0.32505424      0.02309047      1.93179443
  0.1363        0.32746898      0.02349679      1.91948994
  0.1375        0.32986835      0.02390612      1.91328050
  0.1388        0.33225995      0.02431846      1.90094464
  0.1400        0.33463613      0.02473378      1.89471930
  0.1413        0.33700453      0.02515208      1.88234998
  0.1425        0.33935747      0.02557333      1.87610791
  0.1438        0.34170260      0.02599753      1.86370358
  0.1450        0.34403223      0.02642466      1.85744423
  0.1463        0.34635403      0.02685470      1.84500399
  0.1475        0.34866029      0.02728764      1.83872716
  0.1488        0.35095870      0.02772347      1.82625082
  0.1500        0.35324151      0.02816217      1.81995667
  0.1512        0.35551646      0.02860372      1.80744481
  0.1525        0.35777576      0.02904811      1.80113392
  0.1537        0.36002718      0.02949533      1.78858798
  0.1550        0.36226292      0.02994537      1.78226137
  0.1562        0.36449074      0.03039820      1.76968368
  0.1575        0.36670285      0.03085381      1.76334281
  0.1588        0.36890703      0.03131219      1.75073665
  0.1600        0.37109545      0.03177332      1.74438351
  0.1613        0.37327593      0.03223719      1.73175316
  0.1625        0.37544062      0.03270379      1.72539021
  0.1638        0.37759736      0.03317309      1.71274098
  0.1650        0.37973828      0.03364508      1.70637122
  0.1663        0.38187125      0.03411976      1.69370946
  0.1675        0.38398838      0.03459710      1.68733642
  0.1688        0.38609755      0.03507708      1.67466956
  0.1700        0.38819089      0.03555970      1.66829730
  0.1713        0.39027626      0.03604494      1.65563385
  0.1725        0.39234580      0.03653279      1.64926699
  0.1738        0.39440739      0.03702322      1.63661653
  0.1750        0.39645316      0.03751623      1.63026019
  0.1763        0.39849098      0.03801179      1.61763338
  0.1775        0.40051303      0.03850991      1.61129324
  0.1788        0.40252714      0.03901055      1.59870177
  0.1800        0.40452552      0.03951371      1.59238401
  0.1812        0.40651600      0.04001937      1.57984060
  0.1825        0.40849080      0.04052751      1.57355190
  0.1837        0.41045774      0.04103812      1.56107026
  0.1850        0.41240908      0.04155120      1.55481778
  0.1862        0.41435260      0.04206671      1.54241253
  0.1875        0.41628062      0.04258465      1.53620388
  0.1888        0.41820087      0.04310500      1.52389055
  0.1900        0.42010573      0.04362775      1.51773375
  0.1913        0.42200290      0.04415288      1.50552866
  0.1925        0.42388481      0.04468039      1.49943213
  0.1938        0.42575910      0.04521024      1.48735236
  0.1950        0.42761829      0.04574244      1.48132487
  0.1963        0.42946995      0.04627696      1.46938817
  0.1975        0.43130668      0.04681380      1.46343879
  0.1988        0.43313598      0.04735293      1.45166349
  0.2000        0.43495056      0.04789435      1.44580155
  0.2013        0.43675781      0.04843804      1.43420646
  0.2025        0.43855057      0.04898399      1.42844152
  0.2038        0.44033612      0.04953218      1.41704588
  0.2050        0.44210743      0.05008260      1.41138764
  0.2063        0.44387167      0.05063523      1.40021095
  0.2075        0.44562193      0.05119007      1.39466925
  0.2088        0.44736527      0.05174710      1.38373122
  0.2100        0.44909493      0.05230631      1.37831594
  0.2112        0.45081782      0.05286767      1.36763634
  0.2125        0.45252737      0.05343120      1.36235737
  0.2137        0.45423032      0.05399686      1.35195596
  0.2150        0.45592026      0.05456464      1.34682314
  0.2162        0.45760379      0.05513454      1.33671951
  0.2175        0.45927469      0.05570655      1.33174256
  0.2188        0.46093937      0.05628064      1.32195605
  0.2200        0.46259181      0.05685682      1.31714452
  0.2213        0.46423824      0.05743506      1.30769410
  0.2225        0.46587286      0.05801535      1.30305731
  0.2238        0.46750168      0.05859770      1.29396145
  0.2250        0.46911913      0.05918207      1.28950844
  0.2263        0.47073102      0.05976847      1.28078499
  0.2275        0.47233200      0.06035689      1.27652447
  0.2288        0.47392766      0.06094730      1.26819058
  0.2300        0.47551290      0.06153971      1.26413084
  0.2313        0.47709306      0.06213410      1.25620282
  0.2325        0.47866331      0.06273047      1.25235172
  0.2338        0.48022875      0.06332880      1.24484495
  0.2350        0.48178481      0.06392908      1.24120983
  0.2363        0.48333632      0.06453131      1.23413866
  0.2375        0.48487899      0.06513548      1.23072633
  0.2388        0.48641740      0.06574158      1.22410398
  0.2400        0.48794753      0.06634960      1.22092064
  0.2412        0.48947368      0.06695954      1.21475910
  0.2425        0.49099213      0.06757138      1.21181031
  0.2437        0.49250689      0.06818512      1.20612028
  0.2450        0.49401454      0.06880075      1.20341093
  0.2462        0.49551881      0.06941827      1.19820173
  0.2475        0.49701656      0.07003767      1.19573599
  0.2487        0.49851123      0.07065894      1.19101548
  0.2500        0.50000000      0.07128208      1.19101548
