  0.0100      0.66155041    0.99997430    0.66156741
  0.0500      0.64354124    0.99935892    0.64395407
  0.0900      0.62589854    0.99793428    0.62719415
  0.1300      0.60877503    0.99572655    0.61138777
  0.1700      0.59228561    0.99277462    0.59659624
  0.2100      0.57650728    0.98912759    0.58284420
  0.2500      0.56148424    0.98484199    0.57012621
  0.2900      0.54723538    0.97997933    0.55841523
  0.3300      0.53376183    0.97460394    0.54767050
  0.3700      0.52105292    0.96878134    0.53784368
  0.4100      0.50909031    0.96257685    0.52888277
  0.4500      0.49785076    0.95605452    0.52073470
  0.4900      0.48730813    0.94927622    0.51334703
  0.5300      0.47743498    0.94230102    0.50666928
  0.5700      0.46820382    0.93518470    0.50065385
  0.6100      0.45958795    0.92797942    0.49525661
